0 0.06654043135156451 0.22952958828019077 100
1 0.37394116344285677 0.13126946709947107 1 20 38 19 16
0 0.46578411400831743 0.6280066686850384 1894
1 0.7288299932002223 0.31119826649347837 22 13 27 30 26
0 0.6615288180655456 0.6259577504502245 1125
1 0.8472024799640273 0.002362047711005011 20 19 29 25 36
0 0.46970990963655923 0.12872378180952815 1120
1 0.012730373016103691 0.970929564252386 34 34 17 20 26
0 0.06114590010717458 0.8377895006363194 1960
1 0.5024238963909433 0.05589724112521566 26 10 39 36 30
0 0.9356391062592834 0.9002771080080766 1588
1 0.8953811666178242 0.010145542263688245 15 14 36 34 36
0 0.36962782691873564 0.15692884058383894 1370
1 0.37185643200576346 0.08576820918804307 39 11 35 34 20
0 0.01818185389020066 0.5525149924791142 1046
1 0.5531983869351161 0.8989400369493756 21 34 20 23 20
0 0.49543840744319356 0.27502229517325405 1438
1 0.722667793433856 0.10904541874950269 30 35 25 30 35
0 0.1566681149615352 0.11542663225024652 1850
1 0.6822370236915977 0.5148675417253168 13 38 17 37 10
